23.54    67.21
89.12    45.78
10.67    88.92
55.32    12.45
37.89    61.33
42.18    30.04
78.99    53.72
19.01    81.26
64.55    14.09
50.23    37.82
91.77    72.13
28.45    96.55
13.21    48.34
86.02    19.78
33.11    65.92
79.84    10.67
56.23    87.45
18.92    43.21
69.12    26.89
47.56    54.33
22.34    75.21
81.43    31.44
36.76    59.23
60.98    15.76
11.22    83.21
97.33    35.67
25.78    68.91
40.21    29.33
74.56    50.12
17.89    78.44
63.11    12.77
52.45    39.88
94.21    70.34
30.67    94.22
15.23    46.55
84.78    17.21
31.45    63.78
75.92    8.99
58.34    85.12
20.67    41.76
67.89    24.34
44.12    56.65
82.56    33.11
34.21    73.44
62.09    14.98
49.87    34.21
93.12    67.89
27.56    71.23
38.99    27.55
